
global lambda k N M dW z;

E_sample = [0.110409764168923 - 0.229552845116393i,0.0813249662588686 - 0.0808434391994448i,0.127048016204995 - 0.0607921474072883i,0.211077952183546 + 0.0185582621859795i,0.220565900863564 + 0.0841135495306105i,0.243223415725873 + 0.137666874986668i,0.284599490250527 + 0.0445175557618876i,0.359467368806797 + 0.0225511528728658i,0.254163742109695 + 0.0528952695576944i,0.184233788846787 - 0.129830415106773i,-0.0184068208160883 - 0.203059463990114i,0.0562889610230604 - 0.224903297274938i,0.0992110490138605 - 0.319383828355150i,0.0270126214155484 - 0.365329547952147i,0.0319469835359578 - 0.311554484219003i,0.0270126214155485 - 0.365329547952148i,0.0992110490138606 - 0.319383828355150i,0.0562889610230604 - 0.224903297274938i,-0.0184068208160882 - 0.203059463990114i,0.184233788846787 - 0.129830415106773i,0.254163742109695 + 0.0528952695576944i,0.359467368806797 + 0.0225511528728658i,0.284599490250527 + 0.0445175557618876i,0.243223415725873 + 0.137666874986668i,0.220565900863565 + 0.0841135495306105i,0.211077952183546 + 0.0185582621859796i,0.127048016204995 - 0.0607921474072883i,0.0813249662588686 - 0.0808434391994448i,0.110409764168923 - 0.229552845116393i,0.250920147424246 - 0.228506491347291i;-0.200198698243489 - 0.370280076989391i,-0.0500459008385991 - 0.221543563990505i,0.0636945046842072 - 0.242901426485817i,0.305465834797366 - 0.235718726138596i,0.0641038486426844 - 0.249957689418209i,0.0120176772165042 - 0.0160792281724667i,0.154534318558830 + 0.179637349342637i,0.263444850038120 + 0.137289382580497i,0.463966293786063 + 0.153960098742149i,0.474843185796976 + 0.318644140959320i,0.673742462809767 + 0.332483381402753i,0.687442928211045 + 0.501721345581728i,0.643608044893209 + 0.566046517476694i,0.597352370747006 + 0.801978893215359i,0.356002163134954 + 0.790310904680612i,0.597352370747006 + 0.801978893215359i,0.643608044893209 + 0.566046517476694i,0.687442928211045 + 0.501721345581728i,0.673742462809767 + 0.332483381402753i,0.474843185796976 + 0.318644140959320i,0.463966293786063 + 0.153960098742149i,0.263444850038120 + 0.137289382580497i,0.154534318558830 + 0.179637349342637i,0.0120176772165042 - 0.0160792281724667i,0.0641038486426844 - 0.249957689418209i,0.305465834797366 - 0.235718726138596i,0.0636945046842072 - 0.242901426485817i,-0.0500459008385991 - 0.221543563990505i,-0.200198698243489 - 0.370280076989391i,-0.162177324801935 - 0.248378948873669i;0.0892209120006663 - 0.194737394082056i,0.253269099660310 - 0.0230146762049826i,0.0228468168942487 + 0.0400836532468002i,-0.00605203929464062 + 0.0614297908675827i,0.0100956378258526 + 0.230788826903209i,-0.0120141635458825 + 0.446529628016715i,-0.101514925107666 + 0.666451301959625i,-0.116696954633187 + 0.611125245455168i,-0.0916081168228790 + 0.546251748929320i,-0.225986135377838 + 0.555896985804202i,-0.379195188089631 + 0.375134443960003i,-0.436850612477894 + 0.275429340855794i,-0.568551097298790 + 0.274271133399967i,-0.405620373468684 + 0.375094852922164i,-0.368460757226516 + 0.344614295303775i,-0.405620373468684 + 0.375094852922164i,-0.568551097298790 + 0.274271133399968i,-0.436850612477894 + 0.275429340855794i,-0.379195188089631 + 0.375134443960002i,-0.225986135377838 + 0.555896985804202i,-0.0916081168228790 + 0.546251748929320i,-0.116696954633187 + 0.611125245455168i,-0.101514925107666 + 0.666451301959625i,-0.0120141635458825 + 0.446529628016715i,0.0100956378258526 + 0.230788826903209i,-0.00605203929464061 + 0.0614297908675826i,0.0228468168942487 + 0.0400836532468001i,0.253269099660310 - 0.0230146762049827i,0.0892209120006663 - 0.194737394082056i,0.0356128879038076 - 0.266695191882672i;0.259849607699196 + 0.174653922531002i,0.335081962254858 + 0.208436864610597i,0.308817109204590 + 0.289272803343747i,0.409710612014491 + 0.341316916451905i,0.326871534796765 + 0.173940113165543i,0.511827186136406 + 0.0459654080149432i,0.467775714662693 + 0.0235906568552793i,0.335974551114740 + 0.000987706658320853i,0.372987499602069 + 0.0336976110303254i,0.376528355606742 + 0.0483671489624556i,0.353532396361721 - 0.0401909413786667i,0.234453485093235 - 0.0523582904675850i,0.167755182327175 - 0.0786108435744690i,0.191070479252106 - 0.181173989593753i,0.0791582081434090 - 0.351744652434694i,0.191070479252107 - 0.181173989593753i,0.167755182327175 - 0.0786108435744690i,0.234453485093235 - 0.0523582904675850i,0.353532396361721 - 0.0401909413786667i,0.376528355606742 + 0.0483671489624556i,0.372987499602069 + 0.0336976110303254i,0.335974551114740 + 0.000987706658320853i,0.467775714662693 + 0.0235906568552793i,0.511827186136406 + 0.0459654080149432i,0.326871534796765 + 0.173940113165543i,0.409710612014491 + 0.341316916451905i,0.308817109204590 + 0.289272803343747i,0.335081962254858 + 0.208436864610597i,0.259849607699196 + 0.174653922531003i,0.276642508992789 + 0.189109566716504i;0.489054059709122 + 0.190787106851590i,0.513045620273292 + 0.393162125957316i,0.485212203549436 + 0.503060312892357i,0.527738882416494 + 0.422375227910041i,0.369190530369524 + 0.260387045716231i,0.195008933221360 + 0.273026033129429i,0.195247592094360 + 0.275001559670535i,0.180899517467573 + 0.237892640567276i,0.143595544117003 + 0.0120404977110395i,0.113357473607826 - 0.0853172085505958i,0.128477119349196 - 0.0837168475744761i,-0.0365480682794347 - 0.171011582747062i,0.00686084616105779 - 0.277866076004764i,0.0434601112312382 - 0.216590880001882i,-0.125862895334895 - 0.339318855852406i,0.0434601112312382 - 0.216590880001882i,0.00686084616105779 - 0.277866076004764i,-0.0365480682794348 - 0.171011582747062i,0.128477119349196 - 0.0837168475744761i,0.113357473607826 - 0.0853172085505958i,0.143595544117003 + 0.0120404977110395i,0.180899517467573 + 0.237892640567276i,0.195247592094360 + 0.275001559670535i,0.195008933221360 + 0.273026033129429i,0.369190530369524 + 0.260387045716231i,0.527738882416494 + 0.422375227910041i,0.485212203549436 + 0.503060312892357i,0.513045620273292 + 0.393162125957316i,0.489054059709122 + 0.190787106851590i,0.545146105448778 + 0.143328645428064i;0.350491290038675 - 0.100324656034571i,0.250655769313361 - 0.0536014881360601i,0.266626048187481 + 0.119955265109759i,0.163331569010982 + 0.144766547594291i,0.0287317075671690 + 0.250623740548966i,-0.0565401515063072 + 0.405272398804624i,0.132305980625230 + 0.524903763491350i,-0.0143665466727041 + 0.515968684961194i,0.163830767897454 + 0.451174954003969i,0.140870559033611 + 0.661249866036703i,0.209241988729515 + 0.587817889891684i,0.0792361929933263 + 0.383619815401575i,0.294171976905567 + 0.478405051384968i,0.399776422557145 + 0.501244593211952i,0.411631967004387 + 0.503265097546459i,0.399776422557145 + 0.501244593211952i,0.294171976905567 + 0.478405051384968i,0.0792361929933262 + 0.383619815401575i,0.209241988729515 + 0.587817889891684i,0.140870559033611 + 0.661249866036703i,0.163830767897454 + 0.451174954003969i,-0.0143665466727041 + 0.515968684961194i,0.132305980625230 + 0.524903763491350i,-0.0565401515063072 + 0.405272398804624i,0.0287317075671689 + 0.250623740548966i,0.163331569010982 + 0.144766547594291i,0.266626048187481 + 0.119955265109759i,0.250655769313361 - 0.0536014881360601i,0.350491290038675 - 0.100324656034571i,0.387058224100864 - 0.273567363776213i;0.481550024939366 + 0.234505417060135i,0.240060522844346 + 0.246432298490304i,0.108479828316890 + 0.275477524115659i,0.187416567119781 + 0.0736401118349457i,0.140944967501215 + 0.199725044750214i,0.131904014398673 + 0.421158820312145i,0.00274686153163870 + 0.438469650278894i,-0.00657469451652051 + 0.462090722233498i,-0.186888188851788 + 0.323163131122019i,-0.208263215306266 + 0.0852301770508149i,-0.400543713780702 - 0.0450207180289060i,-0.197596190105118 + 0.0852682004467004i,-0.128197707410563 + 0.182561705318627i,-0.0939799367143064 + 0.374993163744496i,-0.112471346239391 + 0.554123329814905i,-0.0939799367143064 + 0.374993163744496i,-0.128197707410563 + 0.182561705318627i,-0.197596190105118 + 0.0852682004467003i,-0.400543713780702 - 0.0450207180289060i,-0.208263215306266 + 